9
1 1 1 1 1 1 0 1 1
1 1 1 1 1 1 1 1 1
1 1 1 1 1 1 1 1 1
1 1 1 1 1 1 1 1 1
1 1 1 1 1 1 1 1 1
1 1 1 1 1 1 1 1 1
1 1 1 1 1 1 1 1 1
1 1 1 1 1 1 1 1 1
1 1 1 1 1 1 0 1 1

5
1 1 0 0 0
0 1 1 0 1
0 1 1 0 0
0 1 1 1 1
0 0 0 0 0

5
1 1 0 1 1
0 1 0 0 0
1 0 1 0 1
1 0 0 0 0
1 0 1 1 1

5
0 0 0 0 0
0 1 0 1 0
1 0 0 0 1
0 1 0 1 0
0 0 0 0 0

3
0 1 0
1 0 1
0 0 0

5
0 0 0 1 0
0 0 1 0 0
0 1 0 1 0
0 0 1 0 0
0 0 0 1 0

3
0 1 0
1 1 1
1 0 1

3
1 0 1
0 0 0
0 1 0

10
1 1 1 1 1 1 0 1 1 1
1 1 1 1 1 1 1 1 1 1
1 1 1 1 1 1 1 1 1 1
1 1 1 1 1 1 1 1 1 1
1 1 1 1 1 1 1 1 1 1
1 1 1 1 1 1 1 1 1 1
1 1 1 1 1 1 1 1 1 1
1 1 1 1 1 1 1 1 1 1
1 1 1 1 1 1 0 1 1 1
1 1 1 1 1 1 1 0 1 1
